3
50 180
291 180
450 180
255 255 255 200
255 255 255 200
255 255 255 200
0.987957 -0.0445606 -0.148068 0 -0.145905 0.0484521 -0.988101 0 0.0512034 0.997817 0.0413643 0 0 0 0 1 
1.37248 0 0 0 0 1.37248 0 0 0 0 1.37248 0 0 0 0 1 
0 1 
0.25 0.67 1 0.25 0.68 1 0.27 0.68 1 
512
0.1
0 1
0.3 0.67 1
0.3 0.68 1
0.3 0.68 1
128
0.4
0.494 1
0.58 0 0
0.6 0 0
0.58 0 0
512
0.1
0 1
1 0 0
1 0 0
1 0 0
512
0.1
3
50 180
50 180
450 155
255 255 255 200
255 255 255 255
252 255 212 200
5
50 180
251 180
303 174
352 180
450 180
255 255 0 200
255 255 0 200
255 247 0 200
255 255 0 200
243 255 0 200
5
50 180
129 180
189 131
199 180
450 179
255 0 4 200
255 0 0 200
255 0 0 200
255 0 0 200
255 255 255 200
