3
50 180
50 180
450 180
255 255 255 200
255 255 255 255
255 255 255 200
0.997699 -0.0612134 0.0287192 0 0.0143474 -0.223421 -0.974608 0 0.0660755 0.972783 -0.222034 0 0 0 0 1 
1.77724 0 0 0 0 1.77724 0 0 0 0 1.77724 0 0 0 0 1 
0 1 
0.25 0.67 1 0.25 0.68 1 0.27 0.68 1 
512
0.1
0 1
0.3 0.67 1
0.3 0.68 1
0.3 0.68 1
128
0.1
0.494 1
0.58 0 0
0.91 0 0
0.59 0 0
512
0.1
0 1
1 0 0
1 0 0
1 0 0
512
0.1
3
50 180
50 180
450 145
255 255 255 200
255 255 255 255
252 255 212 200
5
50 180
251 180
302 173
352 180
450 180
255 255 0 200
255 255 0 200
255 247 0 200
255 255 0 200
243 255 0 200
5
50 180
120 179
176 121
197 180
450 179
255 0 4 200
255 0 0 200
255 0 0 200
255 0 0 200
255 255 255 200
