3
50 180
112 180
450 180
255 255 255 200
255 255 255 200
255 255 255 200
-0.0805322 0.344701 -0.935233 0 0.996179 0.0592929 -0.0639278 0 0.0334216 -0.936822 -0.348164 0 0 0 0 1 
2.01345 0 0 0 0 2.01345 0 0 0 0 2.01345 0 0 0 0 1 
0 0 
0.25 0.65 1 0.25 0.67 1 0.27 0.68 1 
512
0.1
0.086 1
0.54 0.54 1
0.54 0.54 1
0.52 0.54 1
32
0.4
0 1
0.52 0.47 1
0.52 0.46 1
0.51 0.46 1
128
0.5
0.16 1
0.44 1 1
0.43 1 1
0.46 1 1
512
0.1
4
50 180
138 145
198 180
450 180
167 51 51 200
255 221 151 200
173 0 0 200
179 0 0 200
4
50 180
137 48
211 160
450 180
255 241 197 200
255 229 184 200
255 137 139 200
255 246 142 200
5
50 180
121 180
183 106
332 106
450 179
255 0 4 200
255 235 206 200
255 251 234 200
255 239 215 200
255 255 255 200
