3
50 180
112 180
450 180
255 255 255 200
255 255 255 200
255 255 255 200
-0.0388067 0.217392 -0.975293 0 0.996769 0.0767679 -0.02255 0 0.0699789 -0.973043 -0.219671 0 0 0 0 1 
1.94356 0 0 0 0 1.94356 0 0 0 0 1.94356 0 0 0 0 1 
1 1 
0 0 1 0 0 1 0 0 1 
512
0.1
0 0.815
0.14 0 1
0.15 0 1
0.15 0 1
512
0.1
0 0.765
0.06 0 0.44
0.06 0 0.44
0.06 0 0.46
512
0.2
0 1
0 0 0.21
0 0 0.21
0 0 0.22
4
0.2
6
50 180
125 180
157 172
201 150
224 180
450 178
255 255 255 200
255 230 230 200
255 0 0 200
255 255 192 200
255 230 170 200
255 0 0 200
7
50 180
136 180
159 138
180 126
208 153
247 180
450 178
255 255 255 200
255 135 135 200
135 32 32 200
255 42 59 200
255 237 162 200
255 255 255 200
255 0 0 200
6
50 180
133 180
167 176
201 150
224 180
450 178
255 255 255 200
255 230 230 200
255 0 0 200
255 255 192 200
255 230 170 200
255 0 0 200
