3
50 180
112 180
450 180
255 255 255 200
255 255 255 200
255 255 255 200
0.33045 0.438326 -0.835844 0 0.943798 -0.153077 0.292854 0 0.000423172 -0.885666 -0.464285 0 0 0 0 1 
2.86844 0 0 0 0 2.86844 0 0 0 0 2.86844 0 0 0 0 1 
1 1 
0 0 1 0 0 1 0 0 1 
512
0.1
0 0.815
0.14 0 1
0.15 0 1
0.15 0 1
512
0.1
0 0.765
0.06 0 0.44
0.06 0 0.44
0.06 0 0.46
512
0.2
0 1
0 0 0.21
0 0 0.21
0 0 0.22
4
0.2
6
50 180
125 180
157 172
201 150
224 180
450 178
255 255 255 200
255 230 230 200
255 0 0 200
255 255 192 200
255 230 170 200
255 0 0 200
7
50 180
136 180
159 138
180 126
208 153
247 180
450 178
255 255 255 200
255 135 135 200
135 32 32 200
255 42 59 200
255 237 162 200
255 255 255 200
255 0 0 200
5
50 180
159 180
199 126
262 180
450 180
255 0 4 200
255 246 238 200
253 244 211 200
195 195 195 200
255 201 138 200
