1 1 0
1 1 0
1 1 0
1 1 0
1 1 0
1 1 0
1 1 0
1 1 0
1 1 0
1 1 0
1 1 0
1 1 0
1 1 0
1 1 0
1 1 0
1 1 0
1 1 0
1 1 0
1 1 0
1 1 0
1 1 0
1 1 0
1 1 0
1 1 0
1 1 0
1 1 0
1 1 0
1 1 0
1 1 0
1 1 0
1 1 0
1 1 0
1 1 0
1 1 0
1 1 0
1 1 0
1 1 0
1 1 0
1 1 0
1 1 0
1 1 0
1 1 0
1 1 0
1 1 0
1 1 0
1 1 0
1 1 0
1 1 0
1 1 0
1 1 0
1 1 0
1 1 0
1 1 0
1 1 0
1 1 0
1 1 0
1 1 0
1 1 0
1 1 0
1 1 0
1 1 0
1 1 0
1 1 0
1 1 0
1 1 0
1 1 0
1 1 0
1 1 0
1 1 0
1 1 0
1 1 0
1 1 0
1 1 0
1 1 0
1 1 0
1 1 0
1 1 0
1 1 0
1 1 0
1 1 0
1 1 0
1 1 0
1 1 0
1 1 0
1 1 0
1 1 0
1 1 0
1 1 0
1 1 0
1 1 0
1 1 0
1 1 0
1 1 0
1 1 0
1 1 0
1 1 0
1 1 0
1 1 0
1 1 0
1 1 0
1 1 0
1 1 0
1 1 0
1 1 0
1 1 0
1 1 0
1 1 0
1 1 0
1 1 0
1 1 0
1 1 0
1 1 0
1 1 0
1 1 0
1 1 0
1 1 0
1 1 0
1 1 0
1 1 0
1 1 0
1 1 0
1 1 0
1 1 0
1 1 0
1 1 0
1 1 0
1 1 0
1 1 0
1 1 0
1 0.999342 0
1 0.9984 0
1 0.997459 0
1 0.996517 0
1 0.995576 0
1 0.994634 0
1 0.993693 0
1 0.992751 0
1 0.99181 0
1 0.990868 0
1 0.989927 0
1 0.988985 0
1 0.988044 0
1 0.987102 0
1 0.986161 0
1 0.985219 0
1 0.984278 0
1 0.983336 0
1 0.982395 0
1 0.981453 0
1 0.980512 0
1 0.97957 0
1 0.978629 0
1 0.977687 0
1 0.976746 0
1 0.975804 0
1 0.974863 0
1 0.973921 0
1 0.97298 0
1 0.972038 0
1 0.971097 0
1 0.970155 0
1 0.969214 0
1 0.969021 0
1 0.970062 0
1 0.971104 0
1 0.972146 0
1 0.973187 0
1 0.974229 0
1 0.975271 0
1 0.976312 0
1 0.977354 0
1 0.978396 0
1 0.979437 0
1 0.980479 0
1 0.981521 0
1 0.982562 0
1 0.983604 0
1 0.984646 0
1 0.985687 0
1 0.986729 0
1 0.98777 0
1 0.988812 0
1 0.989854 0
1 0.990896 0
1 0.991937 0
1 0.992979 0
1 0.994021 0
1 0.995062 0
1 0.996104 0
1 0.997146 0
1 0.998187 0
1 0.999229 0
0.999809 1 0
0.999075 1 0
0.998341 1 0
0.997606 1 0
0.996872 1 0
0.996137 1 0
0.995403 1 0
0.994669 1 0
0.993934 1 0
0.9932 1 0
0.992465 1 0
0.991731 1 0
0.990997 1 0
0.990262 1 0
0.989528 1 0
0.988794 1 0
0.988059 1 0
0.987325 1 0
0.986591 1 0
0.985856 1 0
0.985122 1 0
0.984387 1 0
0.983653 1 0
0.982919 1 0
0.982184 1 0
0.98145 1 0
0.980716 1 0
0.979981 1 0
0.979247 1 0
0.978512 1 0
0.977778 1 0
0.977044 1 0
0.976309 1 0
0.975575 1 0
0.974841 1 0
0.974106 1 0
0.973372 1 0
0.972637 1 0
0.971903 1 0
0.971169 1 0
0.970434 1 0
0.9697 1 0
0.968966 1 0
0.968231 1 0
0.967497 1 0
0.966762 1 0
0.966028 1 0
0.965294 1 0
0.964559 1 0
0.963825 1 0
0.963091 1 0
0.962356 1 0
0.961622 1 0
0.960887 1 0
0.960153 1 0
0.959419 1 0
0.958684 1 0
0.95795 1 0
0.957216 1 0
0.956481 1 0
0.955747 1 0
0.955012 1 0
0.954278 1 0
0.953544 1 0
