4
50 180
50 180
343 180
450 180
255 255 255 200
255 255 255 255
255 255 255 200
255 255 255 200
0.998237 -0.0486411 0.0336227 0 0.0250366 -0.16743 -0.985556 0 0.0535674 0.984668 -0.165922 0 0 0 0 1 
1.77724 0 0 0 0 1.77724 0 0 0 0 1.77724 0 0 0 0 1 
0 1 
0.25 0.67 1 0.25 0.68 1 0.27 0.68 1 
512
0.1
0 1
0.3 0.67 1
0.3 0.68 1
0.3 0.68 1
128
0.1
0.494 1
0.58 0 0
0.6 0 0
0.58 0 0
512
0.1
0 1
1 0 0
1 0 0
1 0 0
512
0.1
3
50 180
50 180
450 155
255 255 255 200
255 255 255 255
252 255 212 200
5
50 180
251 180
303 174
352 180
450 180
255 255 0 200
255 255 0 200
255 247 0 200
255 255 0 200
243 255 0 200
5
50 180
129 180
189 131
199 180
450 179
255 0 4 200
255 0 0 200
255 0 0 200
255 0 0 200
255 255 255 200
