0
0
0
0
0
0
0
0
0
0.00624325
0.01805
0.0298568
0.0416636
0.0534703
0.0652771
0.0770839
0.0888906
0.100697
0.112504
0.124311
0.136118
0.140458
0.131148
0.121838
0.112528
0.103218
0.0939079
0.0845978
0.0752877
0.0659776
0.0566675
0.0473575
0.0380474
0.0287373
0.0194272
0.0160105
0.0297262
0.043442
0.0571577
0.0708735
0.0845892
0.0983049
0.112021
0.125736
0.139452
0.153168
0.166884
0.180599
0.194315
0.208031
0.221747
0.235462
0.249178
0.262894
0.27661
0.290325
0.29375
0.29375
0.29375
0.29375
0.29375
0.29375
0.29375
0.29375
0.29375
0.29375
0.29375
0.29375
0.29375
0.29375
0.29375
0.29375
0.29375
0.29375
0.29375
0.29375
0.29375
0.29375
0.29375
0.29375
0.29375
0.29375
0.29375
0.29375
0.29375
0.290534
0.287016
0.283499
0.279981
0.276463
0.272946
0.269428
0.265911
0.262393
0.258875
0.255358
0.25184
0.248322
0.244805
0.241287
0.23777
0.234252
0.230734
0.227217
0.223699
0.220181
0.216664
0.213146
0.209629
0.206111
0.202593
0.199076
0.195558
0.19204
0.188523
0.185005
0.181488
0.17797
0.174452
0.170935
0.167417
0.163899
0.160382
0.156864
0.155278
0.1541
0.152922
0.151744
0.150566
0.149388
0.14821
0.147032
0.145854
0.144676
0.143498
0.14232
0.141142
0.139964
0.138786
0.137608
0.136431
0.135253
0.134075
0.132897
0.131719
0.130541
0.129363
0.128185
0.127007
0.125829
0.124651
0.123473
0.122295
0.121117
0.119939
0.118761
0.117583
0.116405
0.115227
0.114049
0.112872
0.111694
0.110516
0.109338
0.10816
0.106982
0.105804
0.104626
0.103448
0.10227
0.101092
0.0999141
0.0987362
0.0975582
0.0963803
0.0952023
0.0940244
0.0928464
0.0916685
0.0904905
0.0893126
0.0881346
0.0869567
0.0857787
0.0846008
0.0834228
0.0822449
0.0810669
0.079889
0.078711
0.0775331
0.0763551
0.0751772
0.0739992
0.0728213
0.0716433
0.0704654
0.0692874
0.0681095
0.0669315
0.0657536
0.0645756
0.0633977
0.0622197
0.0610418
0.0598638
0.0586859
0.0575079
0.05633
0.055152
0.0539741
0.0527961
0.0516182
0.0504403
0.0492623
0.0480844
0.0469064
0.0457285
0.0445505
0.0433726
0.0421946
0.0410167
0.0398387
0.0386608
0.0374828
0.0363049
0.0351269
0.033949
0.032771
0.0315931
0.0304151
0.0292372
0.0280592
0.0268813
0.0257033
0.0245254
0.0233474
0.0221695
0.0209915
0.0198136
0.0186356
0.0174577
0.0162797
0.0151018
0.0139238
0.0127459
0.0115679
0.01039
0.00921204
0.00803408
0.00685614
0.00567819
0.00450023
0.00332229
0.00214434
0.000966387
